Retirar as linhas das tabelas com os seguintes códigos:
0202020568
0202100022
0202100030
0203010035
0203020030
0205020011
0205020038
0205020046
0205020062
0205020070
0205020100
0205020151
0205020186
0206010010
0206010028
0206010052
0206010079
0206020023
0206030010
0206030029
0206030037
0207010064
0209010029
0209010037
0209040025
0210010010
0210010037
0210010045
0210010070
0210010126
0210010134
0210010150
0214010058
0301010170
0302040021
0302050019
0305010042
0305010131
0306020122
0309010039
0309010047
0401010015
0401010058
0406020620
0407040196
0702050024
0802010016
0802010024 
0802010040
0802010059 
0802010083 
0802010156
0802010199 
0802010296 
0802010300
0802010318